29120.0
29120.0
29440.0
29440.0
29760.0
29760.0
30080.0
30080.0
30400.0
30400.0
30720.0
30720.0
31040.0
31040.0
31360.0
31360.0
31680.0
31680.0
32000.0
32000.0
32320.0
32320.0
32640.0
32640.0
32960.0
32960.0
33280.0
33280.0
33600.0
33600.0
33920.0
33920.0
34240.0
29500.0
29500.0
29820.0
29820.0
30140.0
30140.0
30460.0
30460.0
30780.0
30780.0
31100.0
31100.0
31420.0
31420.0
31740.0
31740.0
32060.0
32060.0
32380.0
32380.0
32700.0
32700.0
33020.0
33020.0
33340.0
33340.0
33660.0
33660.0
33980.0
28800.0
34880.0
28801.0
34881.0
28802.0
34882.0
28803.0
34883.0
28804.0
34884.0
28805.0
34885.0
28806.0
34886.0
28807.0
34887.0
28808.0
34888.0
28809.0
34889.0
28810.0
34890.0
28811.0
34891.0
28812.0
34892.0
28813.0
34893.0
28814.0
34894.0
28815.0
34895.0
28816.0
34896.0
28817.0
34897.0
28818.0
34898.0
28819.0
34899.0
28820.0
34900.0
28821.0
34901.0
28822.0
34902.0
28823.0
34903.0
28824.0
34904.0
28825.0
34905.0
28826.0
34906.0
28827.0
34907.0
28828.0
34908.0
28829.0
34909.0
28830.0
34910.0
29151.0
34591.0
29152.0
34592.0
29153.0
34593.0
29154.0
34594.0
29155.0
34595.0
29156.0
34596.0
29157.0
34597.0
29158.0
34598.0
29159.0
34599.0
29160.0
34600.0
29161.0
34601.0
29162.0
34602.0
29163.0
34603.0
29164.0
34604.0
29165.0
34605.0
29166.0
34606.0
29167.0
34607.0
29168.0
34608.0
29169.0
34609.0
29170.0
34610.0
29171.0
34611.0
29172.0
34612.0
29173.0
34613.0
29174.0
34614.0
29175.0
34615.0
29176.0
34616.0
29177.0
34617.0
29178.0
34618.0
29179.0
34619.0
29180.0
34620.0
28129.0
28449.0
28449.0
28769.0
28769.0
29089.0
29089.0
29409.0
29409.0
29729.0
29729.0
30049.0
30049.0
30369.0
30369.0
30689.0
30689.0
31009.0
31009.0
31329.0
31329.0
31649.0
31649.0
31969.0
31969.0
32289.0
32289.0
32609.0
32609.0
32929.0
32929.0
33249.0
33249.0
33569.0
33569.0
33889.0
33889.0
34209.0
34209.0
34529.0
34529.0
34849.0
34849.0
35169.0
35169.0
35489.0
35489.0
35809.0
33980.0
29820.0
33981.0
29821.0
33982.0
29822.0
33983.0
29823.0
33984.0
29824.0
33985.0
29825.0
33986.0
29826.0
33987.0
29827.0
33988.0
29828.0
33989.0
29829.0
33990.0
29830.0
33991.0
29831.0
33992.0
29832.0
33993.0
29833.0
33994.0
29834.0
33995.0
29835.0
33996.0
29836.0
33997.0
29837.0
33998.0
29838.0
33999.0
29839.0
34000.0
29840.0
34001.0
29841.0
34002.0
29842.0
34323.0
29523.0
34324.0
29524.0
34325.0
29525.0
34326.0
29526.0
34327.0
29527.0
34328.0
29528.0
34329.0
29529.0
34330.0
29530.0
34331.0
29531.0
34332.0
29532.0
34333.0
29533.0
34334.0
29534.0
34335.0
29535.0
34336.0
29536.0
34337.0
29537.0
34338.0
29538.0
34339.0
29539.0
34340.0
29540.0
34341.0
29541.0
34342.0
29542.0
34343.0
29543.0
34344.0
29544.0
34345.0
29545.0
34346.0
29546.0
34347.0
29547.0
34348.0
29548.0
34349.0
29549.0
34350.0
29550.0
34351.0
29551.0
34352.0
29552.0
34353.0
29553.0
34354.0
29554.0
34355.0
29555.0
34356.0
29556.0
34357.0
29557.0
34358.0
29558.0
34359.0
29559.0
34360.0
29560.0
34361.0
29561.0
34362.0
29562.0
34363.0
29563.0
34364.0
29564.0
34365.0
29565.0
34366.0
29566.0
34367.0
29567.0
34368.0
29568.0
34689.0
29249.0
34690.0
29250.0
34691.0
29251.0
34692.0
29252.0
34693.0
29253.0
34694.0
29254.0
34695.0
29255.0
34696.0
29256.0
34697.0
29257.0
34698.0
29258.0
34699.0
29259.0
34700.0
29260.0
34701.0
29261.0
34702.0
29262.0
34703.0
29263.0
34704.0
29264.0
34705.0
29265.0
34706.0
29266.0
34707.0
29267.0
34708.0
29268.0
34709.0
29269.0
34710.0
29270.0
34711.0
29271.0
34712.0
29272.0
34713.0
29273.0
34714.0
29274.0
34715.0
29275.0
34716.0
29276.0
34717.0
29277.0
34718.0
29278.0
34719.0
29279.0
34720.0
29280.0
34721.0
29281.0
34722.0
29282.0
34723.0
29283.0
34724.0
29284.0
34725.0
29285.0
34726.0
29286.0
34727.0
29287.0
34728.0
29288.0
34729.0
29289.0
34730.0
29290.0
34731.0
29291.0
34732.0
29292.0
34733.0
29293.0
34734.0
29294.0
35055.0
28975.0
35056.0
28976.0
35057.0
28977.0
35058.0
28978.0
35059.0
28979.0
35060.0
28980.0
35061.0
28981.0
35062.0
28982.0
35063.0
28983.0
35064.0
28984.0
35065.0
28985.0
35066.0
28986.0
35067.0
28987.0
35068.0
28988.0
35069.0
28989.0
35070.0
28990.0
35071.0
28991.0
35072.0
28992.0
35073.0
28993.0
35074.0
28994.0
35075.0
28995.0
35076.0
28996.0
35077.0
28997.0
35078.0
28998.0
35079.0
28999.0
35080.0
29000.0
35081.0
29001.0
35082.0
29002.0
35083.0
29003.0
35084.0
29004.0
35085.0
29005.0
35086.0
29006.0
35087.0
29007.0
35088.0
29008.0
35089.0
29009.0
35090.0
29010.0
35091.0
29011.0
35092.0
29012.0
35093.0
29013.0
35094.0
29014.0
35095.0
29015.0
35096.0
29016.0
35097.0
29017.0
35098.0
29018.0
35099.0
29019.0
35100.0
29020.0
35421.0
28701.0
35422.0
28702.0
35423.0
28703.0
35424.0
28704.0
35425.0
28705.0
35426.0
28706.0
35427.0
28707.0
35428.0
28708.0
35429.0
28709.0
35430.0
28710.0
35431.0
28711.0
35432.0
28712.0
35433.0
28713.0
35434.0
28714.0
35435.0
28715.0
35436.0
28716.0
35437.0
28717.0
35438.0
28718.0
35439.0
28719.0
35440.0
28720.0
35441.0
28721.0
35442.0
28722.0
35443.0
28723.0
35444.0
28724.0
35445.0
28725.0
35446.0
28726.0
35447.0
28727.0
35448.0
28728.0
35449.0
28729.0
35450.0
28730.0
35451.0
28731.0
35452.0
28732.0
35453.0
28733.0
35454.0
28734.0
35455.0
28735.0
35456.0
28736.0
35457.0
28737.0
35458.0
28738.0
35459.0
28739.0
35460.0
28740.0
35461.0
28741.0
35462.0
28742.0
35463.0
28743.0
35464.0
28744.0
35465.0
28745.0
35466.0
28746.0
35787.0
28427.0
35788.0
28428.0
35789.0
28429.0
35790.0
28430.0
35791.0
28431.0
35792.0
28432.0
35793.0
28433.0
35794.0
28434.0
35795.0
28435.0
35796.0
28436.0
35797.0
28437.0
35798.0
28438.0
35799.0
28439.0
35800.0
28440.0
35801.0
28441.0
35802.0
28442.0
35803.0
28443.0
35804.0
28444.0
35805.0
28445.0
35806.0
28446.0
35807.0
28447.0
35808.0
28448.0
35809.0
28449.0
