0
-45
315
55
--------
300
1000
90

400
1000
75,963

400
900
71,565

600
900
45

600
800
33,69

800
700
11,309

600
600
0

55
-35
325
56
--------
229,469
1000
100

400
1000
75,963

400
900
71,565

600
900
45

600
800
33,69

800
700
11,309

763,431
681,715
10

56
-25
335
58
--------
200
874,748
110

200
1000
104,036

400
1000
75,963

400
900
71,565

600
900
45

600
800
33,69

705,107
747,447
20

58
-15
345
60
--------
184,53
800
120

200
800
116,565

200
1000
104,036

400
1000
75,963

400
900
71,565

600
900
45

600
800
33,69

624,871
787,564
30

60
-5
355
62
--------
132,18
800
130

200
800
116,565

200
1000
104,036

400
1000
75,963

400
900
71,565

600
900
45

600
851,73
40

62
5
5
0
--------
61,649
800
140

200
800
116,565

200
1000
104,036

400
1000
75,963

400
900
71,565

551,73
900
50

0
15
15
2
--------
0
773,205
150

0
800
146,309

200
800
116,565

200
1000
104,036

400
1000
75,963

400
900
71,565

473,205
900
60

2
25
25
4
--------
0
709,191
160

0
800
146,309

200
800
116,565

200
1000
104,036

400
1000
75,963

400
900
71,565

409,191
900
70

4
35
35
6
--------
0
652,898
170

0
800
146,309

200
800
116,565

200
1000
104,036

370,531
1000
80

6
45
45
7
--------
0
600
180

0
800
146,309

200
800
116,565

200
1000
104,036

300
1000
90

7
55
55
9
--------
0
547,102
190

0
800
146,309

200
800
116,565

200
1000
104,036

229,469
1000
100

9
65
65
11
--------
0
490,809
200

0
800
146,309

200
800
116,565

200
874,748
110

11
75
75
13
--------
0
426,795
210

0
800
146,309

184,53
800
120

13
85
85
14
--------
0
348,27
220

0
800
146,309

132,18
800
130

14
95
95
16
--------
0
242,474
230

0
800
146,309

61,649
800
140

16
105
105
18
--------
43,782
156,218
240

0
200
233,13

0
773,205
150

18
115
115
20
--------
113,208
86,792
250

0
200
223,13

0
709,191
160

20
125
125
21
--------
195,073
4,927
260

0
200
223,13

0
652,898
170

21
135
135
23
--------
300
0
270

200
0
260,537

0
200
223,13

0
600
180

23
145
145
25
--------
400
32,872
280

400
0
279,462

200
0
260,537

0
200
223,13

0
547,102
190

25
155
155
27
--------
409,191
300
290

400
300
288,434

400
0
279,462

200
0
260,537

0
200
223,13

0
490,809
200

27
165
165
28
--------
473,205
300
300

400
300
288,434

400
0
279,462

200
0
260,537

0
200
223,13

0
426,795
210

28
175
175
30
--------
551,73
300
310

400
300
288,434

400
0
279,462

200
0
260,537

0
200
233,13

0
348,27
220

30
185
185
32
--------
600
348,27
320

600
300
315

400
300
288,434

400
0
279,462

200
0
260,537

0
200
233,13

0
242,474
230

32
195
195
34
--------
600
426,795
330

600
300
315

400
300
288,434

400
0
279,462

200
0
260,537

43,782
156,218
240

34
205
205
35
--------
600
490,809
340

600
300
315

400
300
288,434

400
0
279,462

200
0
260,537

113,208
86,792
250

35
215
215
37
--------
600
547,102
350

600
300
315

400
300
288,434

400
0
279,462

200
0
260,537

195,073
4,927
260

37
225
225
39
--------
600
600
0

600
300
315

400
300
288,434

400
0
279,462

300
0
270

39
235
235
41
--------
763,431
681,715
10

600
600
0

600
300
315

400
300
288,434

400
32,872
280

41
245
245
42
--------
705,107
747,447
20

800
700
11,309

600
600
0

600
300
315

409,191
300
290

42
255
255
44
--------
624,871
787,564
30

800
700
11,309

600
600
0

600
300
315

473,205
300
300

44
265
265
46
--------
600
851,73
40

600
800
33,69

800
700
11,309

600
600
0

600
300
315

551,73
300
310

46
275
275
48
--------
551,73
900
50

600
900
45

600
800
33,69

800
700
11,309

600
600
0

600
348,27
320

48
285
285
49
--------
473,205
900
60

600
900
45

600
800
33,69

800
700
11,309

600
600
0

600
426,795
330

49
295
295
51
--------
409,191
900
70

600
900
45

600
800
33,69

800
700
11,309

600
600
0

600
490,809
340

51
305
305
53
--------
370,531
1000
80

400
1000
75,963

400
900
71,565

600
900
45

600
800
33,69

800
700
11,309

600
600
0

600
547,102
350

53
315
315
55
--------
